material,materialid,maintenance
Städning,0,2012-07-04T07:55:00
